Random seed: 2005180525433250483
---------------- Starting Your Algo --------------------
Configuring your custom algo strategy...
Performing turn 0 of your custom algo strategy
Performing turn 1 of your custom algo strategy
Got scored on at: [1, 12]
All locations: [[1, 12]]
Got scored on at: [1, 12]
All locations: [[1, 12], [1, 12]]
Got scored on at: [1, 12]
All locations: [[1, 12], [1, 12], [1, 12]]
Got scored on at: [1, 12]
All locations: [[1, 12], [1, 12], [1, 12], [1, 12]]
Got scored on at: [1, 12]
All locations: [[1, 12], [1, 12], [1, 12], [1, 12], [1, 12]]
Got scored on at: [1, 12]
All locations: [[1, 12], [1, 12], [1, 12], [1, 12], [1, 12], [1, 12]]
Got scored on at: [1, 12]
All locations: [[1, 12], [1, 12], [1, 12], [1, 12], [1, 12], [1, 12], [1, 12]]
Got scored on at: [1, 12]
All locations: [[1, 12], [1, 12], [1, 12], [1, 12], [1, 12], [1, 12], [1, 12], [1, 12]]
Got scored on at: [1, 12]
All locations: [[1, 12], [1, 12], [1, 12], [1, 12], [1, 12], [1, 12], [1, 12], [1, 12], [1, 12]]
Performing turn 2 of your custom algo strategy
Performing turn 3 of your custom algo strategy
Got scored on at: [26, 12]
All locations: [[1, 12], [1, 12], [1, 12], [1, 12], [1, 12], [1, 12], [1, 12], [1, 12], [1, 12], [26, 12]]
Got scored on at: [26, 12]
All locations: [[1, 12], [1, 12], [1, 12], [1, 12], [1, 12], [1, 12], [1, 12], [1, 12], [1, 12], [26, 12], [26, 12]]
Got scored on at: [26, 12]
All locations: [[1, 12], [1, 12], [1, 12], [1, 12], [1, 12], [1, 12], [1, 12], [1, 12], [1, 12], [26, 12], [26, 12], [26, 12]]
Got scored on at: [26, 12]
All locations: [[1, 12], [1, 12], [1, 12], [1, 12], [1, 12], [1, 12], [1, 12], [1, 12], [1, 12], [26, 12], [26, 12], [26, 12], [26, 12]]
Got scored on at: [26, 12]
All locations: [[1, 12], [1, 12], [1, 12], [1, 12], [1, 12], [1, 12], [1, 12], [1, 12], [1, 12], [26, 12], [26, 12], [26, 12], [26, 12], [26, 12]]
Got scored on at: [26, 12]
All locations: [[1, 12], [1, 12], [1, 12], [1, 12], [1, 12], [1, 12], [1, 12], [1, 12], [1, 12], [26, 12], [26, 12], [26, 12], [26, 12], [26, 12], [26, 12]]
Got scored on at: [26, 12]
All locations: [[1, 12], [1, 12], [1, 12], [1, 12], [1, 12], [1, 12], [1, 12], [1, 12], [1, 12], [26, 12], [26, 12], [26, 12], [26, 12], [26, 12], [26, 12], [26, 12]]
Got scored on at: [26, 12]
All locations: [[1, 12], [1, 12], [1, 12], [1, 12], [1, 12], [1, 12], [1, 12], [1, 12], [1, 12], [26, 12], [26, 12], [26, 12], [26, 12], [26, 12], [26, 12], [26, 12], [26, 12]]
Performing turn 4 of your custom algo strategy
Performing turn 5 of your custom algo strategy
Got scored on at: [1, 12]
All locations: [[1, 12], [1, 12], [1, 12], [1, 12], [1, 12], [1, 12], [1, 12], [1, 12], [1, 12], [26, 12], [26, 12], [26, 12], [26, 12], [26, 12], [26, 12], [26, 12], [26, 12], [1, 12]]
Got scored on at: [1, 12]
All locations: [[1, 12], [1, 12], [1, 12], [1, 12], [1, 12], [1, 12], [1, 12], [1, 12], [1, 12], [26, 12], [26, 12], [26, 12], [26, 12], [26, 12], [26, 12], [26, 12], [26, 12], [1, 12], [1, 12]]
Got scored on at: [1, 12]
All locations: [[1, 12], [1, 12], [1, 12], [1, 12], [1, 12], [1, 12], [1, 12], [1, 12], [1, 12], [26, 12], [26, 12], [26, 12], [26, 12], [26, 12], [26, 12], [26, 12], [26, 12], [1, 12], [1, 12], [1, 12]]
Got scored on at: [1, 12]
All locations: [[1, 12], [1, 12], [1, 12], [1, 12], [1, 12], [1, 12], [1, 12], [1, 12], [1, 12], [26, 12], [26, 12], [26, 12], [26, 12], [26, 12], [26, 12], [26, 12], [26, 12], [1, 12], [1, 12], [1, 12], [1, 12]]
Got scored on at: [1, 12]
All locations: [[1, 12], [1, 12], [1, 12], [1, 12], [1, 12], [1, 12], [1, 12], [1, 12], [1, 12], [26, 12], [26, 12], [26, 12], [26, 12], [26, 12], [26, 12], [26, 12], [26, 12], [1, 12], [1, 12], [1, 12], [1, 12], [1, 12]]
Got scored on at: [1, 12]
All locations: [[1, 12], [1, 12], [1, 12], [1, 12], [1, 12], [1, 12], [1, 12], [1, 12], [1, 12], [26, 12], [26, 12], [26, 12], [26, 12], [26, 12], [26, 12], [26, 12], [26, 12], [1, 12], [1, 12], [1, 12], [1, 12], [1, 12], [1, 12]]
Got scored on at: [1, 12]
All locations: [[1, 12], [1, 12], [1, 12], [1, 12], [1, 12], [1, 12], [1, 12], [1, 12], [1, 12], [26, 12], [26, 12], [26, 12], [26, 12], [26, 12], [26, 12], [26, 12], [26, 12], [1, 12], [1, 12], [1, 12], [1, 12], [1, 12], [1, 12], [1, 12]]
Got scored on at: [1, 12]
All locations: [[1, 12], [1, 12], [1, 12], [1, 12], [1, 12], [1, 12], [1, 12], [1, 12], [1, 12], [26, 12], [26, 12], [26, 12], [26, 12], [26, 12], [26, 12], [26, 12], [26, 12], [1, 12], [1, 12], [1, 12], [1, 12], [1, 12], [1, 12], [1, 12], [1, 12]]
Got scored on at: [1, 12]
All locations: [[1, 12], [1, 12], [1, 12], [1, 12], [1, 12], [1, 12], [1, 12], [1, 12], [1, 12], [26, 12], [26, 12], [26, 12], [26, 12], [26, 12], [26, 12], [26, 12], [26, 12], [1, 12], [1, 12], [1, 12], [1, 12], [1, 12], [1, 12], [1, 12], [1, 12], [1, 12]]
Got scored on at: [1, 12]
All locations: [[1, 12], [1, 12], [1, 12], [1, 12], [1, 12], [1, 12], [1, 12], [1, 12], [1, 12], [26, 12], [26, 12], [26, 12], [26, 12], [26, 12], [26, 12], [26, 12], [26, 12], [1, 12], [1, 12], [1, 12], [1, 12], [1, 12], [1, 12], [1, 12], [1, 12], [1, 12], [1, 12]]
Got scored on at: [1, 12]
All locations: [[1, 12], [1, 12], [1, 12], [1, 12], [1, 12], [1, 12], [1, 12], [1, 12], [1, 12], [26, 12], [26, 12], [26, 12], [26, 12], [26, 12], [26, 12], [26, 12], [26, 12], [1, 12], [1, 12], [1, 12], [1, 12], [1, 12], [1, 12], [1, 12], [1, 12], [1, 12], [1, 12], [1, 12]]
Got scored on at: [1, 12]
All locations: [[1, 12], [1, 12], [1, 12], [1, 12], [1, 12], [1, 12], [1, 12], [1, 12], [1, 12], [26, 12], [26, 12], [26, 12], [26, 12], [26, 12], [26, 12], [26, 12], [26, 12], [1, 12], [1, 12], [1, 12], [1, 12], [1, 12], [1, 12], [1, 12], [1, 12], [1, 12], [1, 12], [1, 12], [1, 12]]
Got scored on at: [1, 12]
All locations: [[1, 12], [1, 12], [1, 12], [1, 12], [1, 12], [1, 12], [1, 12], [1, 12], [1, 12], [26, 12], [26, 12], [26, 12], [26, 12], [26, 12], [26, 12], [26, 12], [26, 12], [1, 12], [1, 12], [1, 12], [1, 12], [1, 12], [1, 12], [1, 12], [1, 12], [1, 12], [1, 12], [1, 12], [1, 12], [1, 12]]
Got scored on at: [1, 12]
All locations: [[1, 12], [1, 12], [1, 12], [1, 12], [1, 12], [1, 12], [1, 12], [1, 12], [1, 12], [26, 12], [26, 12], [26, 12], [26, 12], [26, 12], [26, 12], [26, 12], [26, 12], [1, 12], [1, 12], [1, 12], [1, 12], [1, 12], [1, 12], [1, 12], [1, 12], [1, 12], [1, 12], [1, 12], [1, 12], [1, 12], [1, 12]]
Performing turn 6 of your custom algo strategy
Performing turn 7 of your custom algo strategy
Got scored on at: [1, 12]
All locations: [[1, 12], [1, 12], [1, 12], [1, 12], [1, 12], [1, 12], [1, 12], [1, 12], [1, 12], [26, 12], [26, 12], [26, 12], [26, 12], [26, 12], [26, 12], [26, 12], [26, 12], [1, 12], [1, 12], [1, 12], [1, 12], [1, 12], [1, 12], [1, 12], [1, 12], [1, 12], [1, 12], [1, 12], [1, 12], [1, 12], [1, 12], [1, 12]]
Got scored on at: [1, 12]
All locations: [[1, 12], [1, 12], [1, 12], [1, 12], [1, 12], [1, 12], [1, 12], [1, 12], [1, 12], [26, 12], [26, 12], [26, 12], [26, 12], [26, 12], [26, 12], [26, 12], [26, 12], [1, 12], [1, 12], [1, 12], [1, 12], [1, 12], [1, 12], [1, 12], [1, 12], [1, 12], [1, 12], [1, 12], [1, 12], [1, 12], [1, 12], [1, 12], [1, 12]]
Got scored on at: [1, 12]
All locations: [[1, 12], [1, 12], [1, 12], [1, 12], [1, 12], [1, 12], [1, 12], [1, 12], [1, 12], [26, 12], [26, 12], [26, 12], [26, 12], [26, 12], [26, 12], [26, 12], [26, 12], [1, 12], [1, 12], [1, 12], [1, 12], [1, 12], [1, 12], [1, 12], [1, 12], [1, 12], [1, 12], [1, 12], [1, 12], [1, 12], [1, 12], [1, 12], [1, 12], [1, 12]]
Got scored on at: [1, 12]
All locations: [[1, 12], [1, 12], [1, 12], [1, 12], [1, 12], [1, 12], [1, 12], [1, 12], [1, 12], [26, 12], [26, 12], [26, 12], [26, 12], [26, 12], [26, 12], [26, 12], [26, 12], [1, 12], [1, 12], [1, 12], [1, 12], [1, 12], [1, 12], [1, 12], [1, 12], [1, 12], [1, 12], [1, 12], [1, 12], [1, 12], [1, 12], [1, 12], [1, 12], [1, 12], [1, 12]]
Got scored on at: [1, 12]
All locations: [[1, 12], [1, 12], [1, 12], [1, 12], [1, 12], [1, 12], [1, 12], [1, 12], [1, 12], [26, 12], [26, 12], [26, 12], [26, 12], [26, 12], [26, 12], [26, 12], [26, 12], [1, 12], [1, 12], [1, 12], [1, 12], [1, 12], [1, 12], [1, 12], [1, 12], [1, 12], [1, 12], [1, 12], [1, 12], [1, 12], [1, 12], [1, 12], [1, 12], [1, 12], [1, 12], [1, 12]]
Got scored on at: [1, 12]
All locations: [[1, 12], [1, 12], [1, 12], [1, 12], [1, 12], [1, 12], [1, 12], [1, 12], [1, 12], [26, 12], [26, 12], [26, 12], [26, 12], [26, 12], [26, 12], [26, 12], [26, 12], [1, 12], [1, 12], [1, 12], [1, 12], [1, 12], [1, 12], [1, 12], [1, 12], [1, 12], [1, 12], [1, 12], [1, 12], [1, 12], [1, 12], [1, 12], [1, 12], [1, 12], [1, 12], [1, 12], [1, 12]]
Got scored on at: [1, 12]
All locations: [[1, 12], [1, 12], [1, 12], [1, 12], [1, 12], [1, 12], [1, 12], [1, 12], [1, 12], [26, 12], [26, 12], [26, 12], [26, 12], [26, 12], [26, 12], [26, 12], [26, 12], [1, 12], [1, 12], [1, 12], [1, 12], [1, 12], [1, 12], [1, 12], [1, 12], [1, 12], [1, 12], [1, 12], [1, 12], [1, 12], [1, 12], [1, 12], [1, 12], [1, 12], [1, 12], [1, 12], [1, 12], [1, 12]]
Got scored on at: [1, 12]
All locations: [[1, 12], [1, 12], [1, 12], [1, 12], [1, 12], [1, 12], [1, 12], [1, 12], [1, 12], [26, 12], [26, 12], [26, 12], [26, 12], [26, 12], [26, 12], [26, 12], [26, 12], [1, 12], [1, 12], [1, 12], [1, 12], [1, 12], [1, 12], [1, 12], [1, 12], [1, 12], [1, 12], [1, 12], [1, 12], [1, 12], [1, 12], [1, 12], [1, 12], [1, 12], [1, 12], [1, 12], [1, 12], [1, 12], [1, 12]]
Got scored on at: [1, 12]
All locations: [[1, 12], [1, 12], [1, 12], [1, 12], [1, 12], [1, 12], [1, 12], [1, 12], [1, 12], [26, 12], [26, 12], [26, 12], [26, 12], [26, 12], [26, 12], [26, 12], [26, 12], [1, 12], [1, 12], [1, 12], [1, 12], [1, 12], [1, 12], [1, 12], [1, 12], [1, 12], [1, 12], [1, 12], [1, 12], [1, 12], [1, 12], [1, 12], [1, 12], [1, 12], [1, 12], [1, 12], [1, 12], [1, 12], [1, 12], [1, 12]]
Got scored on at: [1, 12]
All locations: [[1, 12], [1, 12], [1, 12], [1, 12], [1, 12], [1, 12], [1, 12], [1, 12], [1, 12], [26, 12], [26, 12], [26, 12], [26, 12], [26, 12], [26, 12], [26, 12], [26, 12], [1, 12], [1, 12], [1, 12], [1, 12], [1, 12], [1, 12], [1, 12], [1, 12], [1, 12], [1, 12], [1, 12], [1, 12], [1, 12], [1, 12], [1, 12], [1, 12], [1, 12], [1, 12], [1, 12], [1, 12], [1, 12], [1, 12], [1, 12], [1, 12]]
Got scored on at: [1, 12]
All locations: [[1, 12], [1, 12], [1, 12], [1, 12], [1, 12], [1, 12], [1, 12], [1, 12], [1, 12], [26, 12], [26, 12], [26, 12], [26, 12], [26, 12], [26, 12], [26, 12], [26, 12], [1, 12], [1, 12], [1, 12], [1, 12], [1, 12], [1, 12], [1, 12], [1, 12], [1, 12], [1, 12], [1, 12], [1, 12], [1, 12], [1, 12], [1, 12], [1, 12], [1, 12], [1, 12], [1, 12], [1, 12], [1, 12], [1, 12], [1, 12], [1, 12], [1, 12]]
Got scored on at: [1, 12]
All locations: [[1, 12], [1, 12], [1, 12], [1, 12], [1, 12], [1, 12], [1, 12], [1, 12], [1, 12], [26, 12], [26, 12], [26, 12], [26, 12], [26, 12], [26, 12], [26, 12], [26, 12], [1, 12], [1, 12], [1, 12], [1, 12], [1, 12], [1, 12], [1, 12], [1, 12], [1, 12], [1, 12], [1, 12], [1, 12], [1, 12], [1, 12], [1, 12], [1, 12], [1, 12], [1, 12], [1, 12], [1, 12], [1, 12], [1, 12], [1, 12], [1, 12], [1, 12], [1, 12]]
Got end state, game over. Stopping algo.
