Random seed: 1545809333436955642
---------------- Starting Your Algo --------------------
Configuring your custom algo strategy...
Performing turn 0 of your custom algo strategy
Performing turn 1 of your custom algo strategy
Got scored on at: [26, 12]
All locations: [[26, 12]]
Got scored on at: [26, 12]
All locations: [[26, 12], [26, 12]]
Got scored on at: [26, 12]
All locations: [[26, 12], [26, 12], [26, 12]]
Got scored on at: [26, 12]
All locations: [[26, 12], [26, 12], [26, 12], [26, 12]]
Got scored on at: [26, 12]
All locations: [[26, 12], [26, 12], [26, 12], [26, 12], [26, 12]]
Performing turn 2 of your custom algo strategy
Performing turn 3 of your custom algo strategy
Got scored on at: [26, 12]
All locations: [[26, 12], [26, 12], [26, 12], [26, 12], [26, 12], [26, 12]]
Got scored on at: [26, 12]
All locations: [[26, 12], [26, 12], [26, 12], [26, 12], [26, 12], [26, 12], [26, 12]]
Got scored on at: [26, 12]
All locations: [[26, 12], [26, 12], [26, 12], [26, 12], [26, 12], [26, 12], [26, 12], [26, 12]]
Got scored on at: [26, 12]
All locations: [[26, 12], [26, 12], [26, 12], [26, 12], [26, 12], [26, 12], [26, 12], [26, 12], [26, 12]]
Performing turn 4 of your custom algo strategy
Performing turn 5 of your custom algo strategy
Got scored on at: [26, 12]
All locations: [[26, 12], [26, 12], [26, 12], [26, 12], [26, 12], [26, 12], [26, 12], [26, 12], [26, 12], [26, 12]]
Got scored on at: [26, 12]
All locations: [[26, 12], [26, 12], [26, 12], [26, 12], [26, 12], [26, 12], [26, 12], [26, 12], [26, 12], [26, 12], [26, 12]]
Got scored on at: [26, 12]
All locations: [[26, 12], [26, 12], [26, 12], [26, 12], [26, 12], [26, 12], [26, 12], [26, 12], [26, 12], [26, 12], [26, 12], [26, 12]]
Got scored on at: [26, 12]
All locations: [[26, 12], [26, 12], [26, 12], [26, 12], [26, 12], [26, 12], [26, 12], [26, 12], [26, 12], [26, 12], [26, 12], [26, 12], [26, 12]]
Performing turn 6 of your custom algo strategy
Performing turn 7 of your custom algo strategy
Got scored on at: [26, 12]
All locations: [[26, 12], [26, 12], [26, 12], [26, 12], [26, 12], [26, 12], [26, 12], [26, 12], [26, 12], [26, 12], [26, 12], [26, 12], [26, 12], [26, 12]]
Got scored on at: [26, 12]
All locations: [[26, 12], [26, 12], [26, 12], [26, 12], [26, 12], [26, 12], [26, 12], [26, 12], [26, 12], [26, 12], [26, 12], [26, 12], [26, 12], [26, 12], [26, 12]]
Got scored on at: [26, 12]
All locations: [[26, 12], [26, 12], [26, 12], [26, 12], [26, 12], [26, 12], [26, 12], [26, 12], [26, 12], [26, 12], [26, 12], [26, 12], [26, 12], [26, 12], [26, 12], [26, 12]]
Got scored on at: [26, 12]
All locations: [[26, 12], [26, 12], [26, 12], [26, 12], [26, 12], [26, 12], [26, 12], [26, 12], [26, 12], [26, 12], [26, 12], [26, 12], [26, 12], [26, 12], [26, 12], [26, 12], [26, 12]]
Got scored on at: [26, 12]
All locations: [[26, 12], [26, 12], [26, 12], [26, 12], [26, 12], [26, 12], [26, 12], [26, 12], [26, 12], [26, 12], [26, 12], [26, 12], [26, 12], [26, 12], [26, 12], [26, 12], [26, 12], [26, 12]]
Performing turn 8 of your custom algo strategy
Performing turn 9 of your custom algo strategy
Got scored on at: [26, 12]
All locations: [[26, 12], [26, 12], [26, 12], [26, 12], [26, 12], [26, 12], [26, 12], [26, 12], [26, 12], [26, 12], [26, 12], [26, 12], [26, 12], [26, 12], [26, 12], [26, 12], [26, 12], [26, 12], [26, 12]]
Got scored on at: [26, 12]
All locations: [[26, 12], [26, 12], [26, 12], [26, 12], [26, 12], [26, 12], [26, 12], [26, 12], [26, 12], [26, 12], [26, 12], [26, 12], [26, 12], [26, 12], [26, 12], [26, 12], [26, 12], [26, 12], [26, 12], [26, 12]]
Got scored on at: [26, 12]
All locations: [[26, 12], [26, 12], [26, 12], [26, 12], [26, 12], [26, 12], [26, 12], [26, 12], [26, 12], [26, 12], [26, 12], [26, 12], [26, 12], [26, 12], [26, 12], [26, 12], [26, 12], [26, 12], [26, 12], [26, 12], [26, 12]]
Got scored on at: [26, 12]
All locations: [[26, 12], [26, 12], [26, 12], [26, 12], [26, 12], [26, 12], [26, 12], [26, 12], [26, 12], [26, 12], [26, 12], [26, 12], [26, 12], [26, 12], [26, 12], [26, 12], [26, 12], [26, 12], [26, 12], [26, 12], [26, 12], [26, 12]]
Got scored on at: [26, 12]
All locations: [[26, 12], [26, 12], [26, 12], [26, 12], [26, 12], [26, 12], [26, 12], [26, 12], [26, 12], [26, 12], [26, 12], [26, 12], [26, 12], [26, 12], [26, 12], [26, 12], [26, 12], [26, 12], [26, 12], [26, 12], [26, 12], [26, 12], [26, 12]]
Got scored on at: [26, 12]
All locations: [[26, 12], [26, 12], [26, 12], [26, 12], [26, 12], [26, 12], [26, 12], [26, 12], [26, 12], [26, 12], [26, 12], [26, 12], [26, 12], [26, 12], [26, 12], [26, 12], [26, 12], [26, 12], [26, 12], [26, 12], [26, 12], [26, 12], [26, 12], [26, 12]]
Got scored on at: [26, 12]
All locations: [[26, 12], [26, 12], [26, 12], [26, 12], [26, 12], [26, 12], [26, 12], [26, 12], [26, 12], [26, 12], [26, 12], [26, 12], [26, 12], [26, 12], [26, 12], [26, 12], [26, 12], [26, 12], [26, 12], [26, 12], [26, 12], [26, 12], [26, 12], [26, 12], [26, 12]]
Got scored on at: [26, 12]
All locations: [[26, 12], [26, 12], [26, 12], [26, 12], [26, 12], [26, 12], [26, 12], [26, 12], [26, 12], [26, 12], [26, 12], [26, 12], [26, 12], [26, 12], [26, 12], [26, 12], [26, 12], [26, 12], [26, 12], [26, 12], [26, 12], [26, 12], [26, 12], [26, 12], [26, 12], [26, 12]]
Got scored on at: [26, 12]
All locations: [[26, 12], [26, 12], [26, 12], [26, 12], [26, 12], [26, 12], [26, 12], [26, 12], [26, 12], [26, 12], [26, 12], [26, 12], [26, 12], [26, 12], [26, 12], [26, 12], [26, 12], [26, 12], [26, 12], [26, 12], [26, 12], [26, 12], [26, 12], [26, 12], [26, 12], [26, 12], [26, 12]]
Got scored on at: [26, 12]
All locations: [[26, 12], [26, 12], [26, 12], [26, 12], [26, 12], [26, 12], [26, 12], [26, 12], [26, 12], [26, 12], [26, 12], [26, 12], [26, 12], [26, 12], [26, 12], [26, 12], [26, 12], [26, 12], [26, 12], [26, 12], [26, 12], [26, 12], [26, 12], [26, 12], [26, 12], [26, 12], [26, 12], [26, 12]]
Got scored on at: [26, 12]
All locations: [[26, 12], [26, 12], [26, 12], [26, 12], [26, 12], [26, 12], [26, 12], [26, 12], [26, 12], [26, 12], [26, 12], [26, 12], [26, 12], [26, 12], [26, 12], [26, 12], [26, 12], [26, 12], [26, 12], [26, 12], [26, 12], [26, 12], [26, 12], [26, 12], [26, 12], [26, 12], [26, 12], [26, 12], [26, 12]]
Got scored on at: [26, 12]
All locations: [[26, 12], [26, 12], [26, 12], [26, 12], [26, 12], [26, 12], [26, 12], [26, 12], [26, 12], [26, 12], [26, 12], [26, 12], [26, 12], [26, 12], [26, 12], [26, 12], [26, 12], [26, 12], [26, 12], [26, 12], [26, 12], [26, 12], [26, 12], [26, 12], [26, 12], [26, 12], [26, 12], [26, 12], [26, 12], [26, 12]]
Got scored on at: [26, 12]
All locations: [[26, 12], [26, 12], [26, 12], [26, 12], [26, 12], [26, 12], [26, 12], [26, 12], [26, 12], [26, 12], [26, 12], [26, 12], [26, 12], [26, 12], [26, 12], [26, 12], [26, 12], [26, 12], [26, 12], [26, 12], [26, 12], [26, 12], [26, 12], [26, 12], [26, 12], [26, 12], [26, 12], [26, 12], [26, 12], [26, 12], [26, 12]]
Performing turn 10 of your custom algo strategy
Got scored on at: [26, 12]
All locations: [[26, 12], [26, 12], [26, 12], [26, 12], [26, 12], [26, 12], [26, 12], [26, 12], [26, 12], [26, 12], [26, 12], [26, 12], [26, 12], [26, 12], [26, 12], [26, 12], [26, 12], [26, 12], [26, 12], [26, 12], [26, 12], [26, 12], [26, 12], [26, 12], [26, 12], [26, 12], [26, 12], [26, 12], [26, 12], [26, 12], [26, 12], [26, 12]]
Got scored on at: [26, 12]
All locations: [[26, 12], [26, 12], [26, 12], [26, 12], [26, 12], [26, 12], [26, 12], [26, 12], [26, 12], [26, 12], [26, 12], [26, 12], [26, 12], [26, 12], [26, 12], [26, 12], [26, 12], [26, 12], [26, 12], [26, 12], [26, 12], [26, 12], [26, 12], [26, 12], [26, 12], [26, 12], [26, 12], [26, 12], [26, 12], [26, 12], [26, 12], [26, 12], [26, 12]]
Got scored on at: [26, 12]
All locations: [[26, 12], [26, 12], [26, 12], [26, 12], [26, 12], [26, 12], [26, 12], [26, 12], [26, 12], [26, 12], [26, 12], [26, 12], [26, 12], [26, 12], [26, 12], [26, 12], [26, 12], [26, 12], [26, 12], [26, 12], [26, 12], [26, 12], [26, 12], [26, 12], [26, 12], [26, 12], [26, 12], [26, 12], [26, 12], [26, 12], [26, 12], [26, 12], [26, 12], [26, 12]]
Performing turn 11 of your custom algo strategy
Got end state, game over. Stopping algo.
